%YAML:1.0
---
Fundamental Matrix: !!opencv-matrix
   rows: 3
   cols: 3
   dt: d
   data: [ 2.1540701923252040e-06, -1.5244877669100885e-03,
       2.7106060341496696e-01, 1.5229399201755114e-03,
       1.7245567815133608e-05, -1.0104695074133867e+00,
       -2.7478395755218743e-01, 1.0113223887741158e+00, 1. ]
Essential Matrix: !!opencv-matrix
   rows: 3
   cols: 3
   dt: d
   data: [ 2.0979256847576804e+00, -1.4795790094276592e+03,
       -8.2089603380583640e+01, 1.4807150649669463e+03,
       1.6708989690735564e+01, 4.3840914507678121e+01,
       9.9113167405997444e+01, -5.3585031729215501e+01,
       -1.0275466933185129e-01 ]
