%YAML:1.0
---
Fundamental Matrix: !!opencv-matrix
   rows: 3
   cols: 3
   dt: d
   data: [ 3.0665503848900754e-06, 3.4077077222673716e-03,
       -5.4606904949888091e-01, -3.4045009735189707e-03,
       -3.2408421126454982e-05, 2.1338822537957904e+00,
       5.4331230077367232e-01, -2.1336880696472997e+00, 1. ]
Essential Matrix: !!opencv-matrix
   rows: 3
   cols: 3
   dt: d
   data: [ 2.9866226453465434e+00, 3.3073225811123930e+03,
       2.4808693531156473e+02, -3.3101081752477885e+03,
       -3.1400066399655259e+01, -2.2007162328617233e+02,
       -2.8596304495563720e+02, 2.4575726508096866e+02,
       -3.8885057521522981e-01 ]
