%YAML:1.0
---
Fundamental Matrix: !!opencv-matrix
   rows: 3
   cols: 3
   dt: d
   data: [ 2.6512146934618243e-06, -4.5256651695035102e-04,
       7.9964481838513499e-02, 4.5302411086960051e-04,
       2.8914721618910150e-06, -2.8372399385713570e-01,
       -8.3786195848268880e-02, 2.8487377560637495e-01, 1. ]
Essential Matrix: !!opencv-matrix
   rows: 3
   cols: 3
   dt: d
   data: [ 2.5821124218875067e+00, -4.3923469468484001e+02,
       -2.3494483884827034e+01, 4.4046361702867915e+02,
       2.8015069762845930e+00, 2.9177713771042875e+01,
       2.8857149765037839e+01, -3.1501681610671540e+01,
       2.0448487439327501e-01 ]
