%YAML:1.0
---
Fundamental Matrix: !!opencv-matrix
   rows: 3
   cols: 3
   dt: d
   data: [ 5.0595858048720301e-06, -6.2637606334582771e-04,
       1.1236976526068154e-01, 6.1483131560967613e-04,
       7.8774070744925304e-06, -4.0368827628873249e-01,
       -1.1707273419263600e-01, 4.0930573542930970e-01, 1. ]
Essential Matrix: !!opencv-matrix
   rows: 3
   cols: 3
   dt: d
   data: [ 4.9277108295242966e+00, -6.0792411421762222e+02,
       -2.9891512545530404e+01, 5.9778457401771743e+02,
       7.6323096466512821e+00, 2.2110115730382233e+01,
       3.6866290373149539e+01, -2.7929557203300437e+01,
       -4.1239545621145623e-02 ]
