%YAML:1.0
---
Fundamental Matrix: !!opencv-matrix
   rows: 3
   cols: 3
   dt: d
   data: [ -2.5909141636912042e-09, -9.3202700547556162e-07,
       1.0233279374156909e-04, -1.3613385754379906e-06,
       3.1730843943224236e-04, -7.5391414479921036e-03,
       1.6120905451525838e-04, -3.8986879584531474e-02,
       9.9999999999999989e-01 ]
Essential Matrix: !!opencv-matrix
   rows: 3
   cols: 3
   dt: d
   data: [ -2.5233835881377938e-03, -9.0457111132902268e-01,
       -1.1557717949782467e-01, -1.3235942603299602e+00,
       3.0743571334335059e+02, 6.4720008342954472e+01,
       -1.7214298496456121e-01, 3.7542406052477844e+01,
       8.0258685588925314e+00 ]
