%YAML:1.0
---
Fundamental Matrix: !!opencv-matrix
   rows: 3
   cols: 3
   dt: d
   data: [ -8.8704701592139070e-07, -2.1138681736185462e-05,
       1.4889082109450259e-03, 1.2519018950428147e-04,
       -1.2328709149982391e-03, -2.9606526415903042e-02,
       -1.2718416995801236e-02, 1.7214354740920401e-01, 1. ]
Essential Matrix: !!opencv-matrix
   rows: 3
   cols: 3
   dt: d
   data: [ -8.6392668396768191e-01, -2.0515972946916047e+01,
       -4.0101786035700488e+00, 1.2171918086150987e+02,
       -1.1945114031348992e+03, -2.2792064278568841e+02,
       1.7126290454275782e+01, -1.4264799042770849e+02,
       -2.7134352545144427e+01 ]
