%YAML:1.0
---
Fundamental Matrix: !!opencv-matrix
   rows: 3
   cols: 3
   dt: d
   data: [ 4.7164346209403594e-08, -4.6164206149449070e-07,
       -4.7549997286759215e-04, 4.5737371503357829e-07,
       5.2473802277197581e-08, -3.1477790898415674e-04,
       4.0896638282495585e-04, 3.5709932493449147e-04,
       1.2769102818500480e-02 ]
Essential Matrix: !!opencv-matrix
   rows: 3
   cols: 3
   dt: d
   data: [ 4.5935036690101072e-02, -4.4804288947531140e-01,
       -5.4484323012784830e-01, 4.4469262457318071e-01,
       5.0841133831150583e-02, 1.2888000937097065e-02,
       5.4565299340839957e-01, 4.5031148904285181e-02,
       -5.0941912393652833e-03 ]
