%YAML:1.0
---
Fundamental Matrix: !!opencv-matrix
   rows: 3
   cols: 3
   dt: d
   data: [ 4.2838305958533397e-09, -7.2063328206006105e-07,
       1.2246496579213390e-04, 7.1919455923272536e-07,
       4.2124388741626753e-09, -3.9981505806530976e-04,
       -1.3633498641727569e-04, 4.0818388429155790e-04,
       4.9395495374782977e-03 ]
Essential Matrix: !!opencv-matrix
   rows: 3
   cols: 3
   dt: d
   data: [ 4.1721752003310341e-03, -6.9940467924654237e-01,
       -4.2181962064490729e-02, 6.9925425447868761e-01,
       4.0813731664707488e-03, 9.6226853839295634e-02,
       4.2595083331141266e-02, -9.4811647904823923e-02,
       5.0624454940522268e-05 ]
