%YAML:1.0
---
Fundamental Matrix: !!opencv-matrix
   rows: 3
   cols: 3
   dt: d
   data: [ 4.3524012457526347e-09, -7.2597284227924375e-07,
       1.2473174196959438e-04, 7.2441780990618519e-07,
       4.0917751621870668e-09, -4.5292061466170889e-04,
       -1.3927031063007558e-04, 4.6503407359384550e-04,
       5.2971446894504257e-03 ]
Essential Matrix: !!opencv-matrix
   rows: 3
   cols: 3
   dt: d
   data: [ 4.2389585986421976e-03, -7.0458694531082855e-01,
       -4.1124234574665450e-02, 7.0433268591109721e-01,
       3.9644637819228491e-03, 4.7299551750029305e-02,
       4.1015793714200374e-02, -4.2757697627986237e-02,
       2.2804863085869537e-04 ]
