%YAML:1.0
---
Fundamental Matrix: !!opencv-matrix
   rows: 3
   cols: 3
   dt: d
   data: [ 3.4071325070434408e-09, -7.2215027745703229e-07,
       1.1483828826578565e-04, 7.2067299827698457e-07,
       3.3317252890714967e-09, -4.1684217640035754e-04,
       -1.2731939271166137e-04, 4.2613950608846559e-04,
       4.6199351944748428e-03 ]
Essential Matrix: !!opencv-matrix
   rows: 3
   cols: 3
   dt: d
   data: [ 3.3183277050890681e-03, -7.0087698659821507e-01,
       -5.0677402417496728e-02, 7.0069170249385138e-01,
       3.2280620797307926e-03, 8.0211644206161156e-02,
       5.1220205204533235e-02, -7.8457137852969622e-02,
       1.3094429898276858e-04 ]
