%YAML:1.0
---
Fundamental Matrix: !!opencv-matrix
   rows: 3
   cols: 3
   dt: d
   data: [ -1.9228228512268551e-09, 4.0496562126870331e-07,
       -1.2311540276757446e-06, -4.0881884606070481e-07,
       -3.6234901318630753e-09, -3.0177793080261845e-04,
       4.8574542652109282e-06, 3.0806942588999461e-04,
       3.7287844983525022e-03 ]
Essential Matrix: !!opencv-matrix
   rows: 3
   cols: 3
   dt: d
   data: [ -1.8727056626104612e-03, 3.9303603857933944e-01,
       9.0916430969011072e-02, -3.9748398225369624e-01,
       -3.5107489591993534e-03, -5.7759705326311384e-01,
       -9.5355039567193434e-02, 5.8011771325202421e-01,
       -1.6027119494246291e-04 ]
