%YAML:1.0
---
Fundamental Matrix: !!opencv-matrix
   rows: 3
   cols: 3
   dt: d
   data: [ 3.7834979593753815e-10, -3.2091140747070312e-04,
       5.1361083984375000e-02, 3.3664703369140625e-04,
       -4.3109059333801270e-05, 1.6328968116507152e+13,
       -5.3741455078125000e-02, -1.6328968116507154e+13, 1. ]
Essential Matrix: !!opencv-matrix
   rows: 3
   cols: 3
   dt: d
   data: [ 3.6848834246361198e-04, -3.1145791569184985e+02,
       -2.3228252743411929e+01, 3.2731319716529146e+02,
       -4.1767765243061255e+01, 1.6130385003655282e+16,
       2.8469766092343875e+01, -1.6015682167120892e+16,
       2.0186523544351000e+14 ]
