%YAML:1.0
---
Fundamental Matrix: !!opencv-matrix
   rows: 3
   cols: 3
   dt: d
   data: [ -5.9086397029218901e-09, -3.2387514624772758e-07,
       1.3927036388011507e-04, 3.2758419098632236e-07,
       -9.4610698760435147e-09, 4.1225059057293346e-04,
       -1.5035068353607097e-04, -4.1192341943802882e-04,
       -7.5273563546774389e-04 ]
Essential Matrix: !!opencv-matrix
   rows: 3
   cols: 3
   dt: d
   data: [ -5.7546346627442629e-03, -3.1433434788047943e-01,
       5.9041911054374216e-02, 3.1850162978363339e-01,
       -9.1666984071939166e-03, 6.2834180141849327e-01,
       -7.2890447993081559e-02, -6.2929721477978551e-01,
       -2.4732122665480074e-03 ]
