%YAML:1.0
---
Fundamental Matrix: !!opencv-matrix
   rows: 3
   cols: 3
   dt: d
   data: [ 4.3036376501931495e-09, 3.9509094506505527e-07,
       -8.4257491066086384e-05, -4.0586756598938962e-07,
       8.0491912575724518e-09, -3.1569264598482841e-04,
       9.4510455553382223e-05, 3.2632852085535654e-04,
       7.5439632068462030e-04 ]
Essential Matrix: !!opencv-matrix
   rows: 3
   cols: 3
   dt: d
   data: [ 4.1914659960474087e-03, 3.8345225315781034e-01,
       1.0732291795685857e-02, -3.9461452903059763e-01,
       7.7987489413664738e-03, -5.8664200212818096e-01,
       -2.0992194576072479e-03, 5.9403880425733102e-01,
       3.8504181529310589e-03 ]
