%YAML:1.0
---
Fundamental Matrix: !!opencv-matrix
   rows: 3
   cols: 3
   dt: d
   data: [ 1.4291877891112139e-08, 4.3460627642017719e-07,
       3.6477512159541426e-04, -2.0511871010882857e-07,
       1.7789322170620257e-07, -3.6724342814662553e-04,
       -1.7035453268110303e-04, 1.6143096272298819e-04,
       -2.9461556310383730e-01 ]
Essential Matrix: !!opencv-matrix
   rows: 3
   cols: 3
   dt: d
   data: [ 1.3919368931436355e-02, 4.2180353159549766e-01,
       4.7100008730051901e-01, -1.9943161259423012e-01,
       1.7235825688106790e-01, -4.6160832792617701e-01,
       -2.0737072104497956e-01, 5.0041905360193761e-01,
       -1.5512098272841798e-01 ]
