%YAML:1.0
---
Fundamental Matrix: !!opencv-matrix
   rows: 3
   cols: 3
   dt: d
   data: [ -6.6160414954697761e-09, 7.2465150986024538e-07,
       -1.2835596045807524e-04, -7.2314466295606094e-07,
       -6.5331627150651206e-09, 4.3379309012962330e-04,
       1.4534320928279729e-04, -4.4256611070046228e-04,
       -6.1393757788352375e-03 ]
Essential Matrix: !!opencv-matrix
   rows: 3
   cols: 3
   dt: d
   data: [ -6.4435984649998676e-03, 7.0330453704618978e-01,
       3.5687517124672372e-02, -7.0309483808532858e-01,
       -6.3298900693850744e-03, -6.5889070360232310e-02,
       -3.6294911263492713e-02, 6.3296810792880076e-02,
       -1.1851965066297410e-04 ]
