%YAML:1.0
---
Fundamental Matrix: !!opencv-matrix
   rows: 3
   cols: 3
   dt: d
   data: [ -6.8300233617783771e-07, 5.5834977023000347e-06,
       2.9524321502584081e-05, -5.4339768976109354e-05,
       7.4289291942058468e-04, -6.4580536836822064e-03,
       8.4360741927202720e-03, -1.1524383106408216e-01, 1. ]
Essential Matrix: !!opencv-matrix
   rows: 3
   cols: 3
   dt: d
   data: [ -6.6520030262814178e-01, 5.4190175735256840e+00,
       8.5129515338481199e-01, -5.2833150857635800e+01,
       7.1977856948416343e+02, 1.2771529037136408e+02,
       -5.3021344652608899e+00, 6.9735712557408320e+01,
       1.2298091905236440e+01 ]
