%YAML:1.0
---
Fundamental Matrix: !!opencv-matrix
   rows: 3
   cols: 3
   dt: d
   data: [ -5.2788282706368091e-09, -5.8147490283053452e-09,
       2.0966716283710163e-06, -3.0421610533459820e-06,
       6.6328056846896161e-05, -7.0981760867781518e-03,
       4.6946401047703867e-04, -9.4355540959893958e-03, 1. ]
Essential Matrix: !!opencv-matrix
   rows: 3
   cols: 3
   dt: d
   data: [ -5.1412388759901539e-03, -5.6434566377716808e-03,
       -2.8713092113942852e-03, -2.9578144495851024e+00,
       6.4264327503833144e+01, 6.1939555942688180e+00,
       -2.7684000719902702e-01, 6.7164337626348685e+00,
       6.6126056857387638e-01 ]
