%YAML:1.0
---
Fundamental Matrix: !!opencv-matrix
   rows: 3
   cols: 3
   dt: d
   data: [ 2.5149428932896195e-06, -2.5421453039842630e-04,
       4.6547943378511328e-02, 2.5696379263868231e-04,
       -1.0563575835557438e-06, -1.5656702593854283e-01,
       -4.9840630698371191e-02, 1.5547418472645819e-01,
       9.9999999999999989e-01 ]
Essential Matrix: !!opencv-matrix
   rows: 3
   cols: 3
   dt: d
   data: [ 2.4493924619214700e+00, -2.4672581258646770e+02,
       -1.0883517393251822e+01, 2.4983924439205043e+02,
       -1.0234901026496883e+00, 2.0242444808824757e+01,
       1.4787901578114012e+01, -2.2797860239349109e+01,
       1.7683110434966665e-01 ]
