%YAML:1.0
---
Fundamental Matrix: !!opencv-matrix
   rows: 3
   cols: 3
   dt: d
   data: [ 2.3151208483027231e-06, -2.5436139532368637e-04,
       4.7106639590032320e-02, 2.5689055740934575e-04,
       3.1598880070242245e-06, -1.5809644878508067e-01,
       -5.0256606664177000e-02, 1.5626281158775873e-01, 1. ]
Essential Matrix: !!opencv-matrix
   rows: 3
   cols: 3
   dt: d
   data: [ 2.2547786549747717e+00, -2.4686835112652849e+02,
       -1.0500995463858807e+01, 2.4976803967417004e+02,
       3.0615713381680658e+00, 1.9652960996752824e+01,
       1.4222714665002190e+01, -2.1110011843318233e+01,
       1.9855022363049457e-01 ]
