%YAML:1.0
---
Fundamental Matrix: !!opencv-matrix
   rows: 3
   cols: 3
   dt: d
   data: [ 1.2211775937758057e-06, -7.9730019867706083e-04,
       4.0710875433153049e-02, 8.4098663956392455e-04,
       -5.3006947786905247e-05, 5.2010216289587463e-02,
       -4.3407048601262765e-02, -6.9549687902260349e-02, 1. ]
Essential Matrix: !!opencv-matrix
   rows: 3
   cols: 3
   dt: d
   data: [ 1.1893483549240174e+00, -7.7381312187640276e+02,
       -1.4286213315014942e+02, 8.1766954174707041e+02,
       -5.1357691066079660e+01, 6.1239074140219589e+02,
       1.6137865373906783e+02, -6.2994821788195327e+02,
       5.7090724790675935e+00 ]
