%YAML:1.0
---
Fundamental Matrix: !!opencv-matrix
   rows: 3
   cols: 3
   dt: d
   data: [ -2.5225899808136462e-06, 8.1857525307052340e-04,
       -2.9076998402396009e-02, -8.2747629783243445e-04,
       1.5761334460304729e-04, -4.3276932637068877e-01,
       2.9248346322986524e-02, 4.1579633942993216e-01, 1. ]
Essential Matrix: !!opencv-matrix
   rows: 3
   cols: 3
   dt: d
   data: [ -2.4568402328378522e+00, 7.9446145017935828e+02,
       1.5839490478298828e+02, -8.0453378618005934e+02,
       1.5270936731834516e+02, -9.5521332943498760e+02,
       -1.7294815315672673e+02, 1.0093945740268088e+03,
       -6.9351808893003692e+00 ]
