%YAML:1.0
---
Fundamental Matrix: !!opencv-matrix
   rows: 3
   cols: 3
   dt: d
   data: [ -4.9015416216481804e-07, -5.4254383300671916e-05,
       2.1947864087313616e-02, 5.7451385054150636e-05,
       4.1381202179649943e-06, 2.9675738143447913e-02,
       -2.3150834798826195e-02, -3.3313969503086446e-02, 1. ]
Essential Matrix: !!opencv-matrix
   rows: 3
   cols: 3
   dt: d
   data: [ -4.7737859702076385e-01, -5.2656143554250690e+01,
       8.8639031057869140e+00, 5.5858494629974579e+01,
       4.0093668589053539e+00, 6.9427459577911634e+01,
       -9.2393124069808152e+00, -6.9034005974292057e+01,
       8.0396315030054311e-01 ]
