%YAML:1.0
---
Fundamental Matrix: !!opencv-matrix
   rows: 3
   cols: 3
   dt: d
   data: [ -8.9272196011598928e-08, -4.7320591570020943e-05,
       2.0244813223253277e-02, 5.2461944262252331e-05,
       4.3826062682727942e-06, 2.2123023598494829e-02,
       -2.2016177775093460e-02, -2.5829157492115784e-02, 1. ]
Essential Matrix: !!opencv-matrix
   rows: 3
   cols: 3
   dt: d
   data: [ -8.6945371425101878e-02, -4.5926609265361037e+01,
       9.0524023505998912e+00, 5.1007390493527083e+01,
       4.2462459769438370e+00, 5.8622070646977768e+01,
       -9.0514457654008531e+00, -5.6859778899439711e+01,
       7.8000990123161529e-01 ]
