%YAML:1.0
---
Fundamental Matrix: !!opencv-matrix
   rows: 3
   cols: 3
   dt: d
   data: [ 2.4388588719980818e-06, -8.2437158382221980e-04,
       1.4799122078924704e-01, 8.1841301539609308e-04,
       7.5570061576581192e-06, -4.8204016678624467e-01,
       -1.5076486867118466e-01, 4.8299898820651149e-01, 1. ]
Essential Matrix: !!opencv-matrix
   rows: 3
   cols: 3
   dt: d
   data: [ 2.3752915235974190e+00, -8.0008703111090779e+02,
       -4.2120804122439949e+01, 7.9572179125908144e+02,
       7.3218776751629067e+00, 8.3400330464422552e+01,
       5.1097899920169034e+01, -9.2053495988431379e+01,
       4.5602710854490169e-01 ]
