%YAML:1.0
---
Fundamental Matrix: !!opencv-matrix
   rows: 3
   cols: 3
   dt: d
   data: [ 1.7790152231207620e-06, -1.0861745143775378e-03,
       1.8556644592805929e-01, 1.0778245778485811e-03,
       3.4620562328773380e-05, -6.3732207405007213e-01,
       -1.8749475463492368e-01, 6.3346637661617977e-01, 1. ]
Essential Matrix: !!opencv-matrix
   rows: 3
   cols: 3
   dt: d
   data: [ 1.7326462914057621e+00, -1.0541777027870824e+03,
       -6.5801781338478406e+01, 1.0479409388835954e+03,
       3.3543379101226826e+01, 1.1305840642999010e+02,
       7.7187988856298375e+01, -1.1821432779623035e+02,
       7.7335875911145635e-01 ]
