%YAML:1.0
---
Fundamental Matrix: !!opencv-matrix
   rows: 3
   cols: 3
   dt: d
   data: [ -2.7437296230116525e-07, -1.2631995011334746e-05,
       6.1193871898367587e-03, 2.8554104408349840e-05,
       4.7813149966356602e-06, -2.5544767639526000e-01,
       -8.2049339848916363e-03, 2.4727579255555954e-01, 1. ]
Essential Matrix: !!opencv-matrix
   rows: 3
   cols: 3
   dt: d
   data: [ -2.6722160070063478e-01, -1.2259878414011636e+01,
       2.9530757582824472e+00, 2.7762416628497125e+01,
       4.6325492928587382e+00, -2.3177692431754755e+02,
       -1.3639912594152792e+00, 2.3498562633811420e+02,
       -2.5181256781257062e+00 ]
