%YAML:1.0
---
Fundamental Matrix: !!opencv-matrix
   rows: 3
   cols: 3
   dt: d
   data: [ -1.8871417843749064e-10, 4.6643274397974279e-08,
       1.5698911489243256e-06, -3.2590039382569966e-08,
       1.6830075632108742e-10, -6.9253876136879671e-04,
       -3.4378933244839693e-06, 6.8658091421931126e-04,
       9.0819759699283884e-03 ]
Essential Matrix: !!opencv-matrix
   rows: 3
   cols: 3
   dt: d
   data: [ -1.8379546007021879e-04, 4.5269244678883346e-02,
       1.2187734545637730e-02, -3.1686451738737069e-02,
       1.6306425120107080e-04, -7.0629140283815661e-01,
       -1.1390800478791577e-02, 7.0556413991442879e-01,
       -1.0689485289213570e-04 ]
