%YAML:1.0
---
Fundamental Matrix: !!opencv-matrix
   rows: 3
   cols: 3
   dt: d
   data: [ -9.1726497751498549e-08, -2.6060932331095751e-04,
       3.2935282303108104e-02, 2.7318770353928405e-04,
       -9.6097913952457438e-06, 3.6053821765674948e-01,
       -3.4584468220426837e-02, -3.6650932646165624e-01, 1. ]
Essential Matrix: !!opencv-matrix
   rows: 3
   cols: 3
   dt: d
   data: [ -8.9335703307798275e-02, -2.5293222602473045e+02,
       -2.7608999287653219e+01, 2.6561333302480097e+02,
       -9.3107926091232898e+00, 5.4014694827229528e+02,
       3.1923792503659339e+01, -5.4122973943857789e+02,
       6.3521999040101349e+00 ]
