%YAML:1.0
---
Fundamental Matrix: !!opencv-matrix
   rows: 3
   cols: 3
   dt: d
   data: [ 3.2457127347980490e-07, -2.3964434092394989e-04,
       2.3877627210300015e-02, 2.6062751471404573e-04,
       -1.3399872842791532e-05, -9.4922372330257243e-03,
       -2.6048982174577157e-02, 8.2492798849476134e-04, 1. ]
Essential Matrix: !!opencv-matrix
   rows: 3
   cols: 3
   dt: d
   data: [ 3.1611152393913783e-01, -2.3258483554634785e+02,
       -3.1449794747538096e+01, 2.5340138653500338e+02,
       -1.2982949566374517e+01, 1.6518236316148543e+02,
       3.7576757652214788e+01, -1.6742090503979099e+02,
       1.9685222664858539e+00 ]
